I
1130 Generated by WorldEditor 2.3.1r1

1     23 0 0 KBFM Mobile Downtown
1302 city Mobile
1302 country United States
1302 datum_lat 30.626777778
1302 datum_lon -88.068083333
1302 faa_code BFM
1302 gui_label 3D
1302 iata_code BFM
1302 icao_code KBFM
1302 region_code K7
1302 state Alabama
1302 transition_alt 18000
1302 transition_level 18000
100 45.72 2 2 0.25 1 3 0 14  30.63308300 -088.07994200    0   87 2 0 0 1 32  30.61320300 -088.05978100    0   84 3 8 1 0
100 45.72 2 0 0.25 0 2 0 18  30.64199400 -088.06591700    0    0 2 0 0 0 36  30.62055000 -088.06590300    0    0 2 0 0 0
110 1 0.25 140.0000 A
111  30.62168425 -088.06566865 3 102
112  30.62181483 -088.06550595  30.62184315 -088.06539172 3 102
111  30.62176417 -088.06528557 3 102
111  30.62164940 -088.06516935 3 102
112  30.61530161 -088.05873042  30.61525521 -088.05867649
111  30.61530161 -088.05873042
112  30.61530161 -088.05873042  30.61483753 -088.05828659 3 102
112  30.61429441 -088.05901056  30.61395171 -088.05944194
111  30.61429441 -088.05901056
112  30.61429441 -088.05901056  30.61419089 -088.05913914 3 102
111  30.61396063 -088.05947269 3 102
111  30.61369436 -088.05981464
111  30.61347667 -088.05958321 3 102
111  30.61351703 -088.05952936 3 102
111  30.61348611 -088.05900167 102
111  30.61347104 -088.05875026 102
112  30.61363157 -088.05853476  30.61372747 -088.05840634
111  30.61363157 -088.05853476
112  30.61363157 -088.05853476  30.61383803 -088.05825831 3 102
112  30.61420334 -088.05778460  30.61423381 -088.05775706
111  30.61420334 -088.05778460
112  30.61420334 -088.05778460  30.61453554 -088.05775003 3 102
112  30.61478672 -088.05793669  30.61497017 -088.05810088
111  30.61478672 -088.05793669
112  30.61478672 -088.05793669  30.61485861 -088.05799430 3 102
111  30.61547732 -088.05859337 3 102
112  30.61933505 -088.06245330  30.61955808 -088.06265771
111  30.61933505 -088.06245330
112  30.61933505 -088.06245330  30.61976655 -088.06288134 3 102
112  30.62016837 -088.06310484  30.62034826 -088.06311134
111  30.62016837 -088.06310484
112  30.62016837 -088.06310484  30.62027453 -088.06308087 3 102
111  30.62037347 -088.06291890 102
111  30.62017280 -088.06270925
111  30.62074888 -088.06197617
111  30.62145410 -088.06269199
111  30.62090509 -088.06345035
111  30.62069559 -088.06324833 3 102
112  30.62055253 -088.06350026  30.62051326 -088.06362701
111  30.62055253 -088.06350026
112  30.62055253 -088.06350026  30.62060785 -088.06373347 3 102
111  30.62112830 -088.06432301 3 102
111  30.62178580 -088.06498966 3 102
113  30.62245510 -088.06566745
110 1 0.25 140.0000 A
111  30.62586851 -088.07062133 3 102
111  30.62485222 -088.06938543 3 102
111  30.62225788 -088.06678948 3 102
111  30.62162214 -088.06624468 3 102
111  30.62162181 -088.06614518
111  30.62304124 -088.06614187 3 102
112  30.62303800 -088.06626214  30.62303853 -088.06634960
111  30.62303800 -088.06626214
112  30.62303800 -088.06626214  30.62296966 -088.06627137 3 102
112  30.62279637 -088.06636720  30.62278003 -088.06642605
111  30.62279637 -088.06636720
112  30.62279637 -088.06636720  30.62277338 -088.06641005 3 102
111  30.62286513 -088.06655718 3 102
111  30.62330026 -088.06713880 3 102
111  30.62503177 -088.06895880 3 102
111  30.62602276 -088.06993447 3 102
111  30.62671323 -088.07063385 3 102
111  30.62742285 -088.07130985 3 102
111  30.62797256 -088.07177910 3 102
112  30.62864105 -088.07146211  30.62906772 -088.07096030
111  30.62864105 -088.07146211
112  30.62864105 -088.07146211  30.62896491 -088.07110368 3 102
111  30.62881841 -088.07050561
111  30.62895139 -088.07047381 3 102
111  30.62908629 -088.07112397 3 102
112  30.62859748 -088.07217574  30.62800117 -088.07295235
111  30.62859748 -088.07217574
112  30.62859748 -088.07217574  30.62854093 -088.07242665 3 102
111  30.62889062 -088.07275754 3 102
111  30.63167773 -088.07560996 3 102
112  30.63207590 -088.07581018  30.63220870 -088.07576040
111  30.63207590 -088.07581018
112  30.63207590 -088.07581018  30.63242289 -088.07558615 3 102
112  30.63244069 -088.07527463  30.63245182 -088.07516112
111  30.63244069 -088.07527463
112  30.63244069 -088.07527463  30.63255549 -088.07452488 3 102
111  30.63252960 -088.07310993
111  30.63315253 -088.07307654 3 102
112  30.63292393 -088.07487824  30.63300617 -088.07657489
111  30.63292393 -088.07487824
112  30.63292393 -088.07487824  30.63302588 -088.07548661 3 102
112  30.63269959 -088.07603576  30.63268888 -088.07606895
111  30.63269959 -088.07603576
112  30.63269959 -088.07603576  30.63258892 -088.07623075 3 102
112  30.63277877 -088.07672347  30.63309827 -088.07710377
111  30.63277877 -088.07672347
112  30.63277877 -088.07672347  30.63288884 -088.07685485 3 102
112  30.63340976 -088.07723460  30.63355850 -088.07726101
111  30.63340976 -088.07723460
112  30.63340976 -088.07723460  30.63351098 -088.07723700 3 102
111  30.63361635 -088.07711967 3 102
111  30.63531778 -088.07452489 3 106
111  30.63585108 -088.07489622
111  30.63402102 -088.07763143 3 102
112  30.63398006 -088.07793732  30.63401487 -088.07813805
111  30.63398006 -088.07793732
112  30.63398006 -088.07793732  30.63404186 -088.07814474 3 102
112  30.63411201 -088.07852173  30.63410039 -088.07878042
111  30.63411201 -088.07852173
112  30.63411201 -088.07852173  30.63408783 -088.07879518 3 102
111  30.63385416 -088.07911470 3 102
111  30.63336353 -088.07974520 3
111  30.63328793 -088.07983325
111  30.63274986 -088.07928434 3 102
112  30.63313082 -088.07916444  30.63325650 -088.07901638
111  30.63313082 -088.07916444
112  30.63313082 -088.07916444  30.63327544 -088.07902839 3 102
112  30.63347243 -088.07872619  30.63351719 -088.07863216
111  30.63347243 -088.07872619
112  30.63347243 -088.07872619  30.63363770 -088.07845809 3 102
111  30.63353473 -088.07831521 3 102
111  30.63315711 -088.07788234 3 102
112  30.63264398 -088.07774652  30.63245558 -088.07794244
111  30.63264398 -088.07774652
112  30.63264398 -088.07774652  30.63256961 -088.07781279 3 102
112  30.63227473 -088.07822382  30.63219540 -088.07841397
111  30.63227473 -088.07822382
112  30.63227473 -088.07822382  30.63223258 -088.07830449 3 102
111  30.63216293 -088.07869586
111  30.63151106 -088.07804110 3 102
112  30.63219794 -088.07738108  30.63234430 -088.07702844
111  30.63219794 -088.07738108
112  30.63219794 -088.07738108  30.63229076 -088.07711556 3 102
112  30.63209637 -088.07677279  30.63194287 -088.07656950
111  30.63209637 -088.07677279
112  30.63209637 -088.07677279  30.63205353 -088.07672716 3 102
111  30.62767951 -088.07225207 3 102
112  30.62705834 -088.07165740  30.62664896 -088.07126649
111  30.62705834 -088.07165740
112  30.62705834 -088.07165740  30.62695917 -088.07157057 3 102
112  30.62639792 -088.07115491  30.62622080 -088.07109382
111  30.62639792 -088.07115491
112  30.62639792 -088.07115491  30.62629888 -088.07120304 3 102
112  30.62608386 -088.07139525  30.62598790 -088.07147132
111  30.62608386 -088.07139525
112  30.62608386 -088.07139525  30.62591652 -088.07157713 3 102
112  30.62580981 -088.07183094  30.62579091 -088.07186964
111  30.62580981 -088.07183094
112  30.62580981 -088.07183094  30.62575775 -088.07193753 3 102
111  30.62577710 -088.07206272
111  30.62518909 -088.07146319 3 102
114  30.62553711 -088.07123861  30.62568337 -088.07110955 3 102
110 2 0.25 104.0000 K
111  30.62895139 -088.07047381
111  30.62881841 -088.07050561 3 102
111  30.62877763 -088.07031081 3 102
111  30.62846489 -088.06881691 3
111  30.62842759 -088.06863878 3 102
111  30.62803642 -088.06677021 3 102
111  30.62794798 -088.06634776
112  30.62794798 -088.06634776  30.62791699 -088.06618140 3 102
111  30.62769342 -088.06613992
111  30.62835459 -088.06614409 3 102
112  30.62811564 -088.06644334  30.62815106 -088.06668002
111  30.62811564 -088.06644334 3 102
111  30.62817492 -088.06672923 3 102
111  30.62873097 -088.06941081
113  30.62879860 -088.06973694 3 102
110 2 0.25 17.0000 Apron
111  30.64159100 -088.06853537 3 102
111  30.64207818 -088.06895600 3 102
111  30.64174063 -088.06911778 3 102
111  30.64159448 -088.06938472 3 102
111  30.64157708 -088.06957076 3 102
111  30.64236004 -088.06969614 3 102
111  30.64237472 -088.06976085
111  30.64186591 -088.06995094
111  30.64202946 -088.07057784 3 102
111  30.64146573 -088.07078815 3 102
111  30.64167104 -088.07154190 3 102
111  30.64209209 -088.07138417 3 102
111  30.64210780 -088.07144265 3 102
111  30.64181023 -088.07154595 3 102
111  30.64198558 -088.07223547
111  30.64129526 -088.07247196 3 102
111  30.64069522 -088.07266692 3 102
111  30.64061903 -088.07273919
111  30.63963129 -088.07154795 3 102
111  30.64052516 -088.07017054
112  30.64052516 -088.07017054  30.64059627 -088.07002864 3 102
111  30.64049008 -088.06992524
111  30.64064808 -088.06968296 3 102
111  30.64069752 -088.06972894 3 102
113  30.64080278 -088.06973072 3 102
110 2 0.25 50.0000 Apron
111  30.64104173 -088.07776101 3 102
111  30.63854127 -088.07870934 3 102
111  30.63838547 -088.07820040 3 102
111  30.63630219 -088.07894420 3 102
111  30.63620534 -088.07854782 3 102
111  30.63619315 -088.07757874 3 102
111  30.63618915 -088.07726064 3 102
111  30.63618429 -088.07687421 3 102
111  30.63578190 -088.07688059 3 102
111  30.63545279 -088.07688581 3 102
111  30.63504450 -088.07689229 3 102
111  30.63504042 -088.07769011 3 102
111  30.63504001 -088.07777048 3 102
111  30.63503666 -088.07842673 3 102
111  30.63476476 -088.07843584 3 102
111  30.63476998 -088.07827480 3 102
111  30.63464972 -088.07827784 3 102
111  30.63402102 -088.07763143
111  30.63585108 -088.07489622 3 102
111  30.63746228 -088.07591099
111  30.63829412 -088.07643252
113  30.63890019 -088.07652644
110 2 0.25 17.0000 Apron
111  30.64279846 -088.07531371 3 102
111  30.64269073 -088.07535663 3 102
111  30.64327381 -088.07747539 3 102
111  30.64308068 -088.07753974 3 102
111  30.64299668 -088.07722622 3 102
111  30.64296758 -088.07723533 3 102
111  30.64291040 -088.07702223 3 102
111  30.64220189 -088.07726876 3 102
111  30.64222542 -088.07735080 3 102
111  30.64190380 -088.07746226
111  30.64104173 -088.07776101
111  30.63890019 -088.07652644
111  30.63829412 -088.07643252
111  30.63746228 -088.07591099 3 102
111  30.63764634 -088.07568812 3 102
111  30.63864233 -088.07531233 3 102
111  30.63873907 -088.07565194 3 102
111  30.63940207 -088.07544546 3 102
111  30.63895687 -088.07375104 3 102
111  30.63801665 -088.07408479 3 102
111  30.63799845 -088.07406056
111  30.63795724 -088.07400569
111  30.63939633 -088.07189290 3 102
111  30.63963129 -088.07154795
111  30.64061903 -088.07273919 3 102
112  30.64060320 -088.07288897  30.64063647 -088.07300499
111  30.64060320 -088.07288897 3 102
111  30.64065699 -088.07311790 3 102
111  30.64077088 -088.07307746 3 102
111  30.64121053 -088.07483496 3 102
111  30.64184323 -088.07459229 3 102
111  30.64129526 -088.07247196
111  30.64198558 -088.07223547 3 102
111  30.64224370 -088.07316157
112  30.64224370 -088.07316157  30.64226962 -088.07326454 3 102
111  30.64238173 -088.07326129 3 102
111  30.64248296 -088.07322452 3 102
112  30.64256621 -088.07302965  30.64253597 -088.07291664
111  30.64256621 -088.07302965 3 102
111  30.64252895 -088.07289692 3 102
111  30.64393816 -088.07238620 3 102
111  30.64409725 -088.07298553 3 102
111  30.64347405 -088.07321349 3 102
111  30.64387212 -088.07464299 3 102
111  30.64321952 -088.07491135 3 102
111  30.64318579 -088.07478002 3 102
111  30.64297939 -088.07486429 3 102
111  30.64300216 -088.07494716 3 102
111  30.64290593 -088.07498232 3 102
111  30.64285191 -088.07479397 3 102
113  30.64267068 -088.07485675 3 102
111  30.64252689 -088.07572815 3 102
111  30.64217921 -088.07585600 3 102
111  30.64237564 -088.07659571 3 102
113  30.64272331 -088.07647014 3 102
110 2 0.25 55.0000 Apron
111  30.63539187 -088.07440406 3 102
111  30.63985477 -088.06789420 3 106
111  30.64034358 -088.06797766 3 102
111  30.63980872 -088.06874743
112  30.63980872 -088.06874743  30.63974455 -088.06886345 3 102
111  30.63982780 -088.06897244 3 102
111  30.64064808 -088.06968296
111  30.64049008 -088.06992524 3 102
111  30.63968550 -088.06923491 3 102
112  30.63948443 -088.06925780  30.63942501 -088.06934896
111  30.63948443 -088.06925780 3 102
111  30.63843311 -088.07088361 3 102
111  30.63842045 -088.07107113 3 102
111  30.63939633 -088.07189290
111  30.63795724 -088.07400569
111  30.63799845 -088.07406056 3 102
113  30.63719087 -088.07554766 3 102
110 1 0.25 0.0000 Pad
111  30.62054981 -088.06613717 3 102
111  30.62018942 -088.06613801
112  30.62018942 -088.06613801  30.61999299 -088.06616083 3 102
111  30.62009135 -088.06645877
111  30.61931391 -088.06566839 3 102
113  30.62055314 -088.06566475
110 2 0.25 0.0000 Pad
111  30.61920140 -088.06615848
111  30.61833028 -088.06614844
111  30.61832860 -088.06559652
113  30.61849270 -088.06545045
110 2 0.25 0.0000 Pad
112  30.63232493 -088.07298395  30.63213405 -088.07298395
111  30.63232493 -088.07298395
112  30.63232493 -088.07298395  30.63223569 -088.07298971
111  30.62979711 -088.07298473
111  30.62979210 -088.07269193
112  30.63002301 -088.07246894  30.63004987 -088.07222886
111  30.63002301 -088.07246894
112  30.63002301 -088.07246894  30.63002715 -088.07236570
111  30.63002337 -088.07182284
112  30.63146494 -088.07183054  30.63158884 -088.07183128
111  30.63146494 -088.07183054
112  30.63146494 -088.07183054  30.63167598 -088.07182442
112  30.63175258 -088.07160939  30.63175143 -088.07136014
111  30.63175258 -088.07160939
112  30.63175258 -088.07160939  30.63175258 -088.07155793
111  30.63175062 -088.06968072
111  30.63249014 -088.06967477
111  30.63250880 -088.06830600
111  30.63276155 -088.06830398
111  30.63277182 -088.06843553
112  30.63291568 -088.06854641  30.63301682 -088.06856024
111  30.63291568 -088.06854641
112  30.63291568 -088.06854641  30.63293172 -088.06854861
112  30.63312773 -088.06855327  30.63326241 -088.06855109
111  30.63312773 -088.06855327
112  30.63312773 -088.06855327  30.63316355 -088.06953169
111  30.63315253 -088.07307654
113  30.63252960 -088.07310993
110 2 0.25 90.0000 Pad
111  30.63295103 -088.08012084
111  30.63289419 -088.08021891 102
111  30.63290644 -088.08116318 102
111  30.63216656 -088.08115407 102
111  30.63158597 -088.08067399 102
111  30.63218468 -088.07975032 102
111  30.63223903 -088.07962695
113  30.63220560 -088.07935229
110 1 0.25 0.0000 Pad
111  30.64122357 -088.06567750 102
111  30.64177840 -088.06494323 102
111  30.64265391 -088.06569986 102
111  30.64265295 -088.06615826 102
111  30.64199126 -088.06615427
113  30.64199044 -088.06568115
110 2 0.25 17.0000 Pad
111  30.64334671 -088.07011246 3 102
111  30.64202946 -088.07057784
111  30.64186591 -088.06995094
111  30.64237472 -088.06976085 3 102
111  30.64303695 -088.06952465 3 102
111  30.64309639 -088.06975441 3 102
113  30.64322614 -088.06970072 3 102
110 1 0.25 55.0000 Pad
111  30.64070191 -088.06742477 3 106
111  30.64014876 -088.06746473 3 102
111  30.64073662 -088.06656269 3 102
111  30.64082757 -088.06642235
112  30.64082757 -088.06642235  30.64091685 -088.06619971 3 102
111  30.64066402 -088.06614843
111  30.64163489 -088.06615444 3 102
111  30.64144698 -088.06623226 3 102
113  30.64105177 -088.06683622 3 102
110 1 0.25 17.0000 Road
111  30.63562050 -088.07776018
111  30.63504001 -088.07777048
111  30.63504042 -088.07769011
111  30.63530857 -088.07768645
111  30.63531289 -088.07723695
111  30.63544902 -088.07723444
111  30.63545279 -088.07688581
111  30.63578190 -088.07688059
111  30.63578393 -088.07726708
111  30.63618915 -088.07726064
111  30.63619315 -088.07757874
111  30.63569779 -088.07757353
111  30.63566372 -088.07824145
112  30.63566372 -088.07824145  30.63565567 -088.07842544
111  30.63567992 -088.07855563
111  30.63591907 -088.07948690
112  30.63591907 -088.07948690  30.63613514 -088.08003023
111  30.63650998 -088.08000101
111  30.63655320 -088.07993321
111  30.63638898 -088.07932550
111  30.63647541 -088.07929537
111  30.63649270 -088.07935564
111  30.63752257 -088.07898147
111  30.63740589 -088.07854452
111  30.63750096 -088.07850936
111  30.63776791 -088.07951362
111  30.63781859 -088.07954901
111  30.63795687 -088.07950631
112  30.63799792 -088.07940335  30.63797828 -088.07935313
111  30.63799792 -088.07940335
111  30.63762412 -088.07847169
111  30.63766662 -088.07845746
111  30.63789853 -088.07891869
111  30.63806491 -088.07939331
112  30.63806491 -088.07939331  30.63808651 -088.07942755
111  30.63814701 -088.07942344
111  30.64014557 -088.07865928
111  30.64005803 -088.07832566
111  30.64084237 -088.07801903
111  30.64093981 -088.07838367
111  30.64144565 -088.07820686
112  30.64147180 -088.07810465  30.64145999 -088.07807721
111  30.64147180 -088.07810465
111  30.64140049 -088.07786708
111  30.64109702 -088.07796779
111  30.64104173 -088.07776101
111  30.64190380 -088.07746226
111  30.64194715 -088.07764056
111  30.64189486 -088.07765789
111  30.64193051 -088.07776763
111  30.64201608 -088.07773725
111  30.64206361 -088.07789471
111  30.64159777 -088.07805769
111  30.64158113 -088.07802454
111  30.64156449 -088.07803835
111  30.64157162 -088.07806322
112  30.64157162 -088.07806322  30.64159818 -088.07813011
111  30.64168333 -088.07812675
111  30.64448424 -088.07711158
111  30.64450462 -088.07718205
111  30.63681749 -088.08001255
112  30.63623040 -088.08001917  30.63600255 -088.07989133
111  30.63587495 -088.07958623
111  30.63563129 -088.07858727
112  30.63560176 -088.07828975  30.63560444 -088.07813383
111  30.63560176 -088.07828975
113  30.63560877 -088.07812467
111  30.63765459 -088.07961663
112  30.63769387 -088.07950249  30.63767613 -088.07944836
111  30.63763298 -088.07947281
111  30.63766859 -088.07951449
111  30.63667159 -088.07986775
111  30.63662838 -088.07982894
112  30.63663807 -088.07992379  30.63668235 -088.07998304
111  30.63663807 -088.07992379
112  30.63663807 -088.07992379  30.63666936 -088.07996983
113  30.63675802 -088.07993167
110 1 0.25 0.0000 Road
111  30.62940569 -088.06960859
111  30.62950900 -088.06960859 3 102
111  30.62950672 -088.06969958
112  30.62950672 -088.06969958  30.62951404 -088.06985692 3 102
111  30.62964868 -088.06985056 3 102
111  30.62974297 -088.06985284 3 102
112  30.62979770 -088.06979640  30.62980258 -088.06975388
111  30.62979770 -088.06979640 3 102
111  30.62979770 -088.06963425 3 102
111  30.62970538 -088.06963197
111  30.62970470 -088.06942141 3 102
111  30.62985127 -088.06941653 3 102
111  30.62984877 -088.06975295
112  30.62984877 -088.06975295  30.62984755 -088.06981390 3 102
111  30.62990573 -088.06982828 3 102
111  30.63054362 -088.06982600 3 102
112  30.63058731 -088.06975420  30.63058649 -088.06969211
111  30.63058731 -088.06975420 3 102
111  30.63058247 -088.06782090 3 102
112  30.63086542 -088.06756124  30.63109756 -088.06756690
111  30.63086542 -088.06756124 3 102
111  30.63276803 -088.06751869 3 102
111  30.63940123 -088.06756841 3 102
111  30.64143776 -088.06755187 3 102
111  30.64144864 -088.06780222 3 102
111  30.63941377 -088.06777995 3 102
111  30.63276217 -088.06768807 3 102
111  30.63084947 -088.06768040
112  30.63084947 -088.06768040  30.63069363 -088.06768228 3 102
111  30.63069474 -088.06783164 3 102
111  30.63070518 -088.07043526 3 102
111  30.63071941 -088.07132865 3 102
111  30.63062567 -088.07133497 3 102
111  30.63062519 -088.07037255
112  30.63062519 -088.07037255  30.63061929 -088.07029167 3 102
111  30.63052846 -088.07029963 3 102
111  30.63019119 -088.07030267 3 102
111  30.63019027 -088.07075197 3 102
111  30.63012211 -088.07075225 3 102
111  30.63012211 -088.07092730 3 102
111  30.62983693 -088.07092744 3 102
111  30.62983557 -088.07045789 3 102
111  30.63000819 -088.07045883 3 102
111  30.63000819 -088.07022063 3 102
111  30.63051539 -088.07020848 3 102
112  30.63058559 -088.07011978  30.63058524 -088.07002454
111  30.63058559 -088.07011978 3 102
111  30.63058821 -088.06999217
112  30.63058821 -088.06999217  30.63058934 -088.06988578 3 102
111  30.63055199 -088.06989009 3 102
111  30.62960556 -088.06989920 3 102
112  30.62945044 -088.06970859  30.62944190 -088.06951582
111  30.62945044 -088.06970859
114  30.62945044 -088.06970859  30.62944800 -088.06964056 3 102
110 1 0.25 0.0000 Road
111  30.62935818 -088.06960859 3 102
111  30.62930641 -088.06960880 3 102
111  30.62916662 -088.06959478 3 102
111  30.62888246 -088.06958138
112  30.62888246 -088.06958138  30.62878533 -088.06959735 3 102
111  30.62879860 -088.06973694
111  30.62873097 -088.06941081 3 102
112  30.62882343 -088.06950654  30.62888208 -088.06951080
111  30.62882343 -088.06950654 3 102
111  30.62926348 -088.06950688
112  30.62926348 -088.06950688  30.62933587 -088.06950369 3 102
113  30.62935720 -088.06940520
110 2 0.25 0.0000 Road
111  30.62956352 -088.06960859 3 102
111  30.62950900 -088.06960859
111  30.62940569 -088.06960859 3 102
111  30.62935818 -088.06960859
111  30.62935720 -088.06940520 3 102
111  30.62935684 -088.06933165 3 102
111  30.62945290 -088.06933097 3 102
111  30.62945290 -088.06940917
112  30.62945290 -088.06940917  30.62945692 -088.06948245 3 102
111  30.62950888 -088.06949697 3 102
113  30.62956352 -088.06949652 3 102
130 Airport Boundary
111  30.63748624 -088.08349165
111  30.62896230 -088.08343646
111  30.62917334 -088.07884185
111  30.61854323 -088.06823635
111  30.61598552 -088.06826200
112  30.61487034 -088.06569887  30.61522115 -088.06352693
111  30.61487034 -088.06569887
112  30.61487034 -088.06569887  30.61333964 -088.06390384
112  30.60975442 -088.06025715  30.60885281 -088.05899489
111  30.60975442 -088.06025715
112  30.60975442 -088.06025715  30.60929978 -088.06005573
112  30.60917206 -088.05950191  30.60914493 -088.05915084
111  30.60917206 -088.05950191
112  30.60917206 -088.05950191  30.60907945 -088.05913433
111  30.61031444 -088.05772372
112  30.61157690 -088.05604345  30.61178939 -088.05573295
111  30.61157690 -088.05604345
112  30.61157690 -088.05604345  30.61185207 -088.05577932
112  30.61244445 -088.05511487  30.61271419 -088.05511032
111  30.61244445 -088.05511487
112  30.61244445 -088.05511487  30.61291820 -088.05497634
112  30.61404052 -088.05630399  30.61502849 -088.05723416
111  30.61404052 -088.05630399
112  30.61404052 -088.05630399  30.61475785 -088.05702907
112  30.61591587 -088.05822351  30.61630839 -088.05859811
111  30.61591587 -088.05822351
112  30.61591587 -088.05822351  30.61656287 -088.05879239
112  30.61783416 -088.05986654  30.61827635 -088.05980943
111  30.61783416 -088.05986654
112  30.61783416 -088.05986654  30.61836318 -088.05994886
112  30.62009507 -088.06147726  30.62090311 -088.06189973
111  30.62009507 -088.06147726
112  30.62009507 -088.06147726  30.62044739 -088.06184358
112  30.62209514 -088.06180276  30.62252276 -088.06182291
111  30.62209514 -088.06180276
112  30.62209514 -088.06180276  30.62207192 -088.06293975
111  30.62203507 -088.06384275
111  30.63468712 -088.06346854
111  30.64005018 -088.06346844
111  30.64201677 -088.06280315
111  30.64774776 -088.06251800
111  30.64783843 -088.07602924
113  30.64239491 -088.08356251
120 RH
111  30.62162694 -088.06514601 54
115  30.62176334 -088.06496632
120 RH
111  30.61348205 -088.05899905 54 103
115  30.61396063 -088.05947269
120 TL
111  30.64025655 -088.07493876 1 101
112  30.63997591 -088.07475770  30.63983697 -088.07476201
111  30.63997591 -088.07475770
112  30.63997591 -088.07475770  30.64010320 -088.07468276 1 101
115  30.64013178 -088.07445374
120 TL
111  30.64001540 -088.07400133 1 101
112  30.63975963 -088.07389307  30.63962069 -088.07389737
111  30.63975963 -088.07389307
112  30.63975963 -088.07389307  30.63988692 -088.07381813 1 101
115  30.63990579 -088.07357520
120 TL
111  30.63997591 -088.07475770 1 101
115  30.63929302 -088.07499470
120 TL
111  30.63975963 -088.07389307 1 101
115  30.63906050 -088.07413573
120 TL
111  30.64001540 -088.07400133 1 101
112  30.64016139 -088.07372394  30.64033032 -088.07363490
111  30.64016139 -088.07372394
112  30.64016139 -088.07372394  30.63997871 -088.07375590 1 101
115  30.63990579 -088.07357520
120 TL
111  30.64086052 -088.07348127 1 101
115  30.64016139 -088.07372394
120 TL
111  30.64025655 -088.07493876 1 101
112  30.64039514 -088.07462344  30.64056406 -088.07453440
111  30.64039514 -088.07462344
112  30.64039514 -088.07462344  30.64021246 -088.07465540 1 101
115  30.64013178 -088.07445374
120 TL
111  30.64109427 -088.07438077 1 101
115  30.64039514 -088.07462344
120 TL
111  30.64001540 -088.07400133 1 101
111  30.63990579 -088.07357520 1 101
115  30.63818219 -088.07239514
120 TL
111  30.62128826 -088.06589257 1 101
111  30.62183688 -088.06589290 1 101
116  30.62200542 -088.06541346  30.62186555 -088.06502589
120 TL
111  30.62037609 -088.06704086 1 101
111  30.61996273 -088.06662170 1 101
116  30.62004605 -088.06590657  30.62047999 -088.06556850
120 TL
111  30.62055000 -088.06590300 1 101
111  30.62004605 -088.06590657 1 101
111  30.61958194 -088.06590985 1 101
112  30.61913989 -088.06578676  30.61899897 -088.06563972
111  30.61913989 -088.06578676 1 101
115  30.61872653 -088.06536759
120 Linear Feature 9
111  30.63384149 -088.07731598 1 101
111  30.63466289 -088.07612308 1 101
112  30.63508328 -088.07549121  30.63516467 -088.07538168
111  30.63508328 -088.07549121
112  30.63508328 -088.07549121  30.63543609 -088.07522814 1 101
111  30.63573810 -088.07560914 1 101
112  30.63668983 -088.07643122  30.63681406 -088.07653577
111  30.63668983 -088.07643122
112  30.63668983 -088.07643122  30.63698970 -088.07675483 1 101
112  30.63751025 -088.07689773  30.63784010 -088.07689275
111  30.63751025 -088.07689773
112  30.63751025 -088.07689773  30.63790864 -088.07681309 1 101
111  30.63824167 -088.07668306 1 101
111  30.64015529 -088.07601817 1 101
112  30.64040071 -088.07545453  30.64024899 -088.07501197
111  30.64040071 -088.07545453
112  30.64040071 -088.07545453  30.64032931 -088.07515719 1 101
115  30.64025655 -088.07493876
120 Linear Feature 8
111  30.62090046 -088.06336766
111  30.62024351 -088.06270988 1 102
111  30.62075166 -088.06204701 1 102
113  30.62139509 -088.06269127 1 102
120 L
111  30.63266812 -088.07363634 1 101
112  30.63270833 -088.07451305  30.63270889 -088.07507338
111  30.63270833 -088.07451305
112  30.63270833 -088.07451305  30.63276514 -088.07513214 1 101
111  30.63264680 -088.07553108 1 101
112  30.63228800 -088.07612890  30.63205745 -088.07642911
111  30.63228800 -088.07612890
112  30.63228800 -088.07612890  30.63211751 -088.07623476 1 101
112  30.63175999 -088.07608447  30.63158026 -088.07587842
111  30.63175999 -088.07608447
112  30.63175999 -088.07608447  30.63158319 -088.07590027 1 101
115  30.63145508 -088.07576353
120 Linear Feature 6
111  30.62069559 -088.06324833 75
115  30.62037347 -088.06291890
120 Linear Feature 10
111  30.64013178 -088.07445374 1 101
115  30.64001540 -088.07400133
120 Linear Feature 40
111  30.62289692 -088.06660053 62 103
115  30.62253931 -088.06707185
120 K
111  30.62804267 -088.06640609 51 101
112  30.62781289 -088.06596071  30.62765896 -088.06588518
111  30.62781289 -088.06596071
112  30.62781289 -088.06596071  30.62773746 -088.06590478 51 101
115  30.62756535 -088.06590775
120 Linear Feature 39
111  30.63323154 -088.07905953 62 103
115  30.63359654 -088.07944748
120 Linear Feature 38
111  30.63192221 -088.07773972 62 103
115  30.63231465 -088.07814870
120 K
111  30.62804267 -088.06640609 51 101
112  30.62809428 -088.06596185  30.62822401 -088.06586485
111  30.62809428 -088.06596185
112  30.62809428 -088.06596185  30.62817508 -088.06590850 51 101
115  30.62833977 -088.06590815
120 L
111  30.62979478 -088.07284427 1 101
111  30.63204789 -088.07285007 1 101
111  30.63228493 -088.07285197 1 101
112  30.63266121 -088.07314181  30.63268204 -088.07339419
111  30.63266121 -088.07314181
112  30.63266121 -088.07314181  30.63265908 -088.07325227 1 101
115  30.63266812 -088.07363634
120 L
111  30.63266121 -088.07314181 1 101
115  30.63261660 -088.07259220
120 L
111  30.63228493 -088.07285197 1 101
112  30.63261660 -088.07259220  30.63271993 -088.07232272
111  30.63261660 -088.07259220
112  30.63261660 -088.07259220  30.63263373 -088.07229847 1 101
111  30.63263590 -088.07142802 1 101
115  30.63263208 -088.06831791
120 Linear Feature 39
111  30.63252960 -088.07310993 3 102
112  30.63232493 -088.07298395  30.63213055 -088.07297913
111  30.63232493 -088.07298395
112  30.63232493 -088.07298395  30.63219065 -088.07298395 3 102
115  30.62979711 -088.07298473
120 Linear Feature 37
111  30.62979210 -088.07269193 3 102
112  30.63002301 -088.07246894  30.63004987 -088.07222886
111  30.63002301 -088.07246894
112  30.63002301 -088.07246894  30.63002478 -088.07236071 3 102
112  30.63002359 -088.07209625  30.63002024 -088.07187308
111  30.63002359 -088.07209625
112  30.63002359 -088.07209625  30.63002059 -088.07196295 3 102
115  30.63002337 -088.07182284
120 Linear Feature 67
111  30.61347667 -088.05958321 72
111  30.61378178 -088.05917296 72
112  30.61434216 -088.05844663  30.61453493 -088.05821766
111  30.61434216 -088.05844663
112  30.61434216 -088.05844663  30.61458903 -088.05822736 72
112  30.61486566 -088.05825257  30.61502738 -088.05825490
111  30.61486566 -088.05825257
112  30.61486566 -088.05825257  30.61514637 -088.05825937 72
115  30.61537612 -088.05849591
120 Linear Feature 66
111  30.61364301 -088.05915536 56
111  30.61391074 -088.05880642 56
115  30.61363157 -088.05853476
120 A
111  30.62269006 -088.06687208 1 101
112  30.62177977 -088.06603097  30.62132429 -088.06566281
111  30.62177977 -088.06603097
112  30.62177977 -088.06603097  30.62158523 -088.06588335 1 101
115  30.62128826 -088.06589257
120 A
111  30.62269006 -088.06687208 1 101
112  30.62231195 -088.06611883  30.62241325 -088.06581045
111  30.62231195 -088.06611883
112  30.62231195 -088.06611883  30.62242111 -088.06588344 1 101
115  30.62282287 -088.06590446
120 A
112  30.62200542 -088.06541346  30.62196219 -088.06530613 1 101
112  30.62172687 -088.06508472  30.62168464 -088.06504566
111  30.62172687 -088.06508472
112  30.62172687 -088.06508472  30.62172161 -088.06507986 1 101
111  30.62169627 -088.06505470 52 101
111  30.62136337 -088.06471726 1 101
111  30.61529880 -088.05856986 1 101
112  30.61500668 -088.05837239  30.61481899 -088.05826625
111  30.61500668 -088.05837239
112  30.61500668 -088.05837239  30.61480807 -088.05830617 1 101
112  30.61451468 -088.05846691  30.61439648 -088.05858400
111  30.61451468 -088.05846691
112  30.61451468 -088.05846691  30.61429507 -088.05871815 1 101
111  30.61409364 -088.05898452 52 101
111  30.61382603 -088.05933240 1 101
112  30.61354323 -088.05969902  30.61342424 -088.05988327
111  30.61354323 -088.05969902
112  30.61354323 -088.05969902  30.61344581 -088.06007204 1 101
115  30.61367177 -088.06025610
120 A
111  30.62849240 -088.07196983 1 101
112  30.62833317 -088.07229275  30.62828418 -088.07250598
111  30.62833317 -088.07229275
112  30.62833317 -088.07229275  30.62828455 -088.07255522 1 101
115  30.62845893 -088.07271102
120 A
111  30.62849240 -088.07196983 1 101
112  30.62821829 -088.07217489  30.62809433 -088.07219490
111  30.62821829 -088.07217489
112  30.62821829 -088.07217489  30.62792906 -088.07220490 1 101
115  30.62782970 -088.07209165
120 K
111  30.62849177 -088.07197113 1 101
112  30.62890545 -088.07133802  30.62895503 -088.07117957
111  30.62890545 -088.07133802
112  30.62890545 -088.07133802  30.62902197 -088.07110466 1 101
111  30.62890656 -088.07061550 1 101
111  30.62854478 -088.06886344 1 101
111  30.62811007 -088.06673574 51 101
115  30.62804267 -088.06640609
120 A
111  30.63371022 -088.07805478 1 101
115  30.63328558 -088.07759710
120 A
111  30.63175999 -088.07608447 1 101
115  30.63239616 -088.07668925
120 Linear Feature 49
111  30.63306691 -088.07086596 1 101
115  30.63300582 -088.07086537
120 Linear Feature 48
111  30.63308729 -088.07039098 1 101
115  30.63301778 -088.07039179
120 Linear Feature 47
111  30.63309945 -088.06990480 1 101
115  30.63300380 -088.06990254
120 Linear Feature 46
111  30.63309917 -088.06944010 1 101
115  30.63301228 -088.06944010
120 Linear Feature 45
111  30.63307879 -088.06877907 1 101
115  30.63300691 -088.06877898
120 Linear Feature 36
111  30.63300763 -088.06877906 1 101
112  30.63282595 -088.06870780  30.63274276 -088.06871899
111  30.63282595 -088.06870780
112  30.63282595 -088.06870780  30.63264180 -088.06872710 1 101
115  30.63263269 -088.06885178
120 Linear Feature 35
111  30.63300766 -088.06877870 1 101
112  30.63286087 -088.06878599  30.63281141 -088.06879682
111  30.63286087 -088.06878599
112  30.63286087 -088.06878599  30.63279335 -088.06882647 1 101
112  30.63272583 -088.06881717  30.63269948 -088.06881618
111  30.63272583 -088.06881717
112  30.63272583 -088.06881717  30.63263816 -088.06880675 1 101
115  30.63263253 -088.06872840
120 Linear Feature 34
111  30.63301311 -088.06944053 1 101
112  30.63284180 -088.06936776  30.63275859 -088.06937610
111  30.63284180 -088.06936776
112  30.63284180 -088.06936776  30.63268255 -088.06936443 1 101
115  30.63263344 -088.06949474
120 Linear Feature 33
111  30.63301345 -088.06943917 1 101
112  30.63283565 -088.06950012  30.63276249 -088.06949512
111  30.63283565 -088.06950012
112  30.63283565 -088.06950012  30.63263479 -088.06947784 1 101
115  30.63263330 -088.06934392
120 Linear Feature 32
111  30.63300447 -088.06990184 1 101
112  30.63280533 -088.06995872  30.63271278 -088.06994444
111  30.63280533 -088.06995872
112  30.63280533 -088.06995872  30.63267263 -088.06993927 1 101
115  30.63263375 -088.06980838
120 Linear Feature 31
111  30.63300450 -088.06990321 1 101
112  30.63276203 -088.06983817  30.63263683 -088.06988537
111  30.63276203 -088.06983817
112  30.63276203 -088.06983817  30.63264158 -088.06989602 1 101
115  30.63263385 -088.06998481
120 Linear Feature 30
111  30.63302015 -088.07039122 1 101
112  30.63278078 -088.07045262  30.63267079 -088.07042066
111  30.63278078 -088.07045262
112  30.63278078 -088.07045262  30.63265644 -088.07040992 1 101
115  30.63263437 -088.07029436
120 Linear Feature 29
111  30.63302035 -088.07039309 1 101
112  30.63278542 -088.07032416  30.63269350 -088.07035607
111  30.63278542 -088.07032416
112  30.63278542 -088.07032416  30.63262781 -088.07041057 1 101
115  30.63263475 -088.07050172
120 Linear Feature 28
111  30.63300626 -088.07086499 1 101
112  30.63275784 -088.07090747  30.63267535 -088.07085607
111  30.63275784 -088.07090747
112  30.63275784 -088.07090747  30.63262425 -088.07082024 1 101
115  30.63263518 -088.07073679
120 Linear Feature 27
111  30.63300559 -088.07086616 1 101
112  30.63279544 -088.07078183  30.63271414 -088.07079711
111  30.63279544 -088.07078183
112  30.63279544 -088.07078183  30.63266991 -088.07080545 1 101
115  30.63263517 -088.07098710
120 5
111  30.63221297 -088.07165591 1 101
115  30.63263354 -088.07165624
120 1
111  30.63221355 -088.06991902 1 101
115  30.63263286 -088.06991833
120 2
111  30.63221462 -088.07035297 1 101
115  30.63263329 -088.07035653
120 3
111  30.63221049 -088.07078716 1 101
115  30.63263388 -088.07078879
120 4
111  30.63220943 -088.07122171 1 101
115  30.63263441 -088.07122131
120 6
111  30.63199039 -088.07244856 1 101
112  30.63206076 -088.07272743  30.63213714 -088.07282006
111  30.63206076 -088.07272743
112  30.63206076 -088.07272743  30.63217035 -088.07286058 1 101
115  30.63221267 -088.07285126
120 6
111  30.63199058 -088.07244736 1 101
112  30.63215771 -088.07270461  30.63218870 -088.07287507
111  30.63215771 -088.07270461
112  30.63215771 -088.07270461  30.63216391 -088.07284146 1 101
115  30.63206050 -088.07285030
120 7
111  30.63139561 -088.07242566 1 101
112  30.63132251 -088.07266745  30.63133496 -088.07282453
111  30.63132251 -088.07266745
112  30.63132251 -088.07266745  30.63134013 -088.07283901 1 101
115  30.63144225 -088.07284866
120 7
111  30.63139639 -088.07242492 1 101
112  30.63143090 -088.07267155  30.63141368 -088.07281960
111  30.63143090 -088.07267155
112  30.63143090 -088.07267155  30.63141196 -088.07282961 1 101
115  30.63129515 -088.07284803
120 9
111  30.63064857 -088.07242551 1 101
112  30.63058626 -088.07266387  30.63058695 -088.07285536
111  30.63058626 -088.07266387
112  30.63058626 -088.07266387  30.63059649 -088.07282414 1 101
115  30.63069978 -088.07284670
120 8
111  30.63102221 -088.07242581 1 101
112  30.63095332 -088.07265726  30.63095400 -088.07284875
111  30.63095332 -088.07265726
112  30.63095332 -088.07265726  30.63096355 -088.07281752 1 101
111  30.63107194 -088.07284777 1 101
115  30.63107194 -088.07284777
120 8
111  30.63102300 -088.07242552 1 101
112  30.63106681 -088.07265912  30.63106394 -088.07282585
111  30.63106681 -088.07265912
112  30.63106681 -088.07265912  30.63105821 -088.07279564 1 101
115  30.63096718 -088.07284735
120 9
111  30.63064895 -088.07242451 1 101
112  30.63070012 -088.07266513  30.63069725 -088.07283185
111  30.63070012 -088.07266513
112  30.63070012 -088.07266513  30.63069151 -088.07280165 1 101
115  30.63059412 -088.07284639
120 10
111  30.63027544 -088.07242572 1 101
112  30.63022528 -088.07264828  30.63021461 -088.07283188
111  30.63022528 -088.07264828
112  30.63022528 -088.07264828  30.63024621 -088.07285407 1 101
115  30.63035871 -088.07284600
120 10
111  30.63027587 -088.07242430 1 101
112  30.63033537 -088.07264161  30.63032676 -088.07273231
111  30.63033537 -088.07264161
112  30.63033537 -088.07264161  30.63031986 -088.07286471 1 101
115  30.63017600 -088.07284534
120 H
111  30.63508328 -088.07549121 1 101
115  30.63560045 -088.07472030
120 Linear Feature 12
111  30.63663482 -088.07757758 1 101
112  30.63678773 -088.07681645  30.63677946 -088.07668679
111  30.63678773 -088.07681645
112  30.63678773 -088.07681645  30.63677261 -088.07649759 1 101
115  30.63672279 -088.07646650
120 Linear Feature 11
111  30.63569631 -088.07644293 1 101
115  30.63560616 -088.07548904
120 A1
111  30.63373975 -088.07744096 1 101
112  30.63371742 -088.07806811  30.63395844 -088.07840425
111  30.63371742 -088.07806811
112  30.63371742 -088.07806811  30.63404259 -088.07840240 1 101
112  30.63379129 -088.07881682  30.63361775 -088.07910781
111  30.63379129 -088.07881682
112  30.63379129 -088.07881682  30.63375585 -088.07886169 1 101
112  30.63365759 -088.07898705  30.63360782 -088.07905060
111  30.63365759 -088.07898705
112  30.63365759 -088.07898705  30.63354980 -088.07912471 52 101
111  30.63343604 -088.07927061 1 101
112  30.63298203 -088.07961404  30.63273206 -088.07966446
111  30.63298203 -088.07961404
112  30.63298203 -088.07961404  30.63270107 -088.07960444 1 101
115  30.63252737 -088.07938083
120 A
111  30.63255538 -088.07737006 1 101
112  30.63299449 -088.07731795  30.63329198 -088.07745625
111  30.63299449 -088.07731795
112  30.63299449 -088.07731795  30.63314819 -088.07747418 1 101
112  30.63328558 -088.07759710  30.63341082 -088.07769102
111  30.63328558 -088.07759710
112  30.63328558 -088.07759710  30.63347037 -088.07766133 1 101
112  30.63373975 -088.07744096  30.63392793 -088.07721010
111  30.63373975 -088.07744096
112  30.63373975 -088.07744096  30.63381907 -088.07734500 1 101
115  30.63384149 -088.07731598
120 A2
111  30.63194390 -088.07818160 1 101
112  30.63180846 -088.07841460  30.63178166 -088.07852382
111  30.63180846 -088.07841460
112  30.63180846 -088.07841460  30.63175990 -088.07864064 1 101
115  30.63213935 -088.07898434
120 A2
111  30.63228800 -088.07612890 1 101
112  30.63239616 -088.07668925  30.63271031 -088.07697966
111  30.63239616 -088.07668925
112  30.63239616 -088.07668925  30.63271869 -088.07699743 1 101
112  30.63255538 -088.07737006  30.63249886 -088.07751314
111  30.63255538 -088.07737006
112  30.63255538 -088.07737006  30.63248164 -088.07746645 1 101
111  30.63237896 -088.07760389 52 101
111  30.63212534 -088.07794067 1 101
111  30.63194390 -088.07818160 1 101
112  30.63175720 -088.07834182  30.63167787 -088.07835968
111  30.63175720 -088.07834182
112  30.63175720 -088.07834182  30.63151557 -088.07842306 1 101
115  30.63122675 -088.07806565
120 A
112  30.62622663 -088.07088452  30.62632275 -088.07063777 1 101
115  30.62611910 -088.07044778
120 A3
112  30.62547609 -088.07175477  30.62525000 -088.07212467 1 101
115  30.62475760 -088.07149320
120 A3
111  30.62667244 -088.07099776 1 101
112  30.62622663 -088.07088452  30.62601381 -088.07101288
111  30.62622663 -088.07088452
112  30.62622663 -088.07088452  30.62604059 -088.07104175 1 101
112  30.62588830 -088.07120588  30.62579399 -088.07131827
111  30.62588830 -088.07120588
112  30.62588830 -088.07120588  30.62583961 -088.07126273 52 101
112  30.62569051 -088.07142394  30.62565322 -088.07146603
111  30.62569051 -088.07142394
112  30.62569051 -088.07142394  30.62554028 -088.07160174 1 101
112  30.62547646 -088.07175366  30.62542030 -088.07190439
111  30.62547646 -088.07175366
112  30.62547646 -088.07175366  30.62531976 -088.07215088 1 101
115  30.62575229 -088.07250794
120 A
111  30.63145508 -088.07576353 1 101
111  30.62812313 -088.07236893 1 101
111  30.62628958 -088.07063581 1 101
111  30.62505661 -088.06927084 1 101
111  30.62405517 -088.06825694 1 101
111  30.62313659 -088.06732507 52 101
115  30.62269006 -088.06687208
120 Linear Feature 34
111  30.62553328 -088.07124124 62 105
115  30.62590217 -088.07165064
120 Linear Feature 10
111  30.62036914 -088.06331661 1 101
112  30.62018748 -088.06339453  30.62008330 -088.06340574
111  30.62018748 -088.06339453
112  30.62018748 -088.06339453  30.62007159 -088.06340608 1 101
115  30.62000217 -088.06333725
120 Linear Feature 9
111  30.62058020 -088.06304521 1 101
112  30.62036914 -088.06331661  30.62027183 -088.06344252
111  30.62036914 -088.06331661
112  30.62036914 -088.06331661  30.62033374 -088.06337680 1 101
112  30.62032101 -088.06352551  30.62032046 -088.06364133
111  30.62032101 -088.06352551
112  30.62032101 -088.06352551  30.62032251 -088.06368196 1 101
115  30.62039388 -088.06373443
21  30.63155412 -088.07903113 2 138.8800 3.00 14  PAPI-4L
21  30.64019438 -088.06544660 2 179.9700 3.00 18  PAPI-4L
21  30.61500014 -088.06222558 2 318.8900 3.00 32  PAPI-4L
21  30.62351363 -088.06635844 2 359.9700 3.00 36  PAPI-4L
20  30.62278855 -088.06546589 360.0000 0 4 {@B}7
20  30.62553540 -088.06546784 360.0000 0 4 {@B}6
20  30.62827417 -088.06546832 360.0000 0 4 {@B}5
20  30.63101510 -088.06547612 360.0000 0 4 {@B}4
20  30.63375982 -088.06547071 360.0000 0 4 {@B}3
20  30.63650312 -088.06547742 360.0000 0 4 {@B}2
20  30.63924821 -088.06547703 360.0000 0 4 {@B}1
20  30.63972303 -088.06548580 180.0000 0 4 {@B}7
20  30.63698576 -088.06548063 180.0000 0 4 {@B}6
20  30.63424692 -088.06548177 180.0000 0 4 {@B}5
20  30.63151359 -088.06547553 180.0000 0 4 {@B}4
20  30.62877220 -088.06547495 180.0000 0 4 {@B}3
20  30.62603779 -088.06547627 180.0000 0 4 {@B}2
20  30.62329531 -088.06547109 180.0000 0 4 {@B}1
20  30.62740476 -088.07477700 138.9000 0 4 {@B}7
20  30.62534443 -088.07268290 138.9000 0 4 {@B}6
20  30.62328060 -088.07059591 138.9000 0 4 {@B}5
20  30.62121184 -088.06850009 138.9000 0 4 {@B}4
20  30.61914660 -088.06640483 138.9000 0 4 {@B}3
20  30.61708080 -088.06430973 138.9000 0 4 {@B}2
20  30.61501745 -088.06221279 138.9000 0 4 {@B}1
20  30.61421129 -088.06139707 318.9000 0 4 {@B}9
20  30.61627726 -088.06349927 318.9000 0 4 {@B}8
20  30.61828947 -088.06554470 318.9000 0 4 {@B}7
20  30.62041813 -088.06769171 318.9000 0 4 {@B}6
20  30.62248466 -088.06978609 318.9000 0 4 {@B}5
20  30.62455459 -088.07188763 318.9000 0 4 {@B}4
20  30.62662062 -088.07398438 318.9000 0 4 {@B}3
20  30.62868872 -088.07608112 318.9000 0 4 {@B}2
20  30.63075778 -088.07817870 318.9000 0 4 {@B}1
20  30.62947095 -088.07687405 138.9000 0 4 {@B}8
20  30.63116847 -088.07859518 138.9000 0 4 {@B}9
20  30.63253761 -088.07887370 318.3800 0 2 {@Y}A1{^ru}
20  30.62845004 -088.07160799 230.0300 0 3 {@L}K{@Y,^l}A{^r,@@,@L}K
20  30.62881334 -088.07192278 230.0300 0 3 {@L}K{@Y,^l}A{^r,@@,@L}K
20  30.62713942 -088.07177064 319.9400 0 3 {@L}A{@Y}K{^r,@@,@L}A{@Y}A3{^r}
20  30.61404611 -088.06008933 138.9100 0 2 {@Y,^l}A
20  30.62760116 -088.06616166 360.0000 0 2 {@Y,^l}K
20  30.62847286 -088.06618537 180.0000 0 2 {@Y}K{^r}
20  30.62067685 -088.06546975 180.0000 0 3 {@R}32-14
20  30.61929595 -088.06541408 318.9000 0 3 {@R}36{^ru}
20  30.62043585 -088.06657205 138.9000 0 3 {@R,^ld}36
20  30.61408562 -088.05957947 229.4400 0 2 {@R}32{@L}A{@@}A6{@Y,^l}A
20  30.61340525 -088.05890113 229.4400 0 2 {@L}A6{@R}32
20  30.62154749 -088.06531145 318.6300 0 2 {@L}A{@R}36-18{@@,@L}A
20  30.62819269 -088.06670910 103.4200 0 2 {@L}K{@R}18-36{@@,@L}K
20  30.63096055 -088.07565459 318.8100 0 3 {@L}A{@Y,^l}A2|L{^r}
20  30.63226157 -088.07559117 48.4400 0 3 {@L}L{@@,@Y,^l}A{^r,@L}L{@Y}A2{^ru}
20  30.63272909 -088.07606995 48.4400 0 3 {@L}L{@@,@Y,^l}A{^r,@L}L{@Y}A2{^ru}
20  30.63239835 -088.07807803 229.0800 0 2 {@L}A2{@R}14{@@,@L}A2{@Y,^lu}H|L{^ru}|A{^r}
20  30.63299621 -088.07780127 319.1200 0 3 {@Y}H{^r,@@,@L}A{@Y,^lu}L
20  30.63370106 -088.07692527 234.8100 0 2 {@Y,^ld}A2|{^l}A{@L}H{@Y}A1{^ru,@@,@L}H
20  30.63326807 -088.07896728 229.4500 0 3 {@L}A1{@R}32-14{@@,@L}A1{@Y}A{^r}
20  30.63365064 -088.07941746 229.4500 0 3 {@L}A1{@R}32-14{@@,@L}A1{@Y}A{^r}
14  30.62991047 -088.07067646 200.13 0 Tower Viewpoint 
1300  30.63569631 -088.07644293 275.59 tie_down jets|turboprops|props Signature FBO
1301 C none 
1300  30.63663407 -088.07757996 -105.71 gate heavy|jets|turboprops|props Cargo Ramp
1301 E none 
1300  30.63190513 -088.06991882 179.62 gate heavy|jets|turboprops|props Airbus 1
1301 C airline 
1300  30.63190476 -088.07035314 180.00 gate heavy|jets|turboprops|props Airbus 2
1301 C airline 
1300  30.63190428 -088.07078738 180.00 gate heavy|jets|turboprops|props Airbus 3
1301 C airline 
1300  30.63190400 -088.07122130 180.00 gate heavy|jets|turboprops|props Airbus 4
1301 C airline 
1300  30.63190625 -088.07165602 180.00 gate heavy|jets|turboprops|props Airbus 5
1301 C airline 
1300  30.63183319 -088.07213575 120.58 gate heavy|jets|turboprops|props Airbus 6
1301 C airline 
1300  30.63139624 -088.07206292  90.00 gate heavy|jets|turboprops|props Airbus 7
1301 C airline 
1300  30.63102261 -088.07206267  90.00 gate heavy|jets|turboprops|props Airbus 8
1301 C airline 
1300  30.63064914 -088.07206250  90.00 gate heavy|jets|turboprops|props Airbus 9
1301 C airline 
1300  30.63027390 -088.07206280  91.06 gate heavy|jets|turboprops|props Airbus 10
1301 C airline 
1300  30.63310130 -088.06877844   0.00 gate jets|turboprops|props Ramp Start 27
1301 B general_aviation 
1300  30.63310289 -088.06943931   0.00 gate jets|turboprops|props Ramp Start 26
1301 B general_aviation 
1300  30.63310642 -088.06990392   0.00 gate jets|turboprops|props Ramp Start 25
1301 B general_aviation 
1300  30.63310424 -088.07039047   0.00 gate jets|turboprops|props Ramp Start 24
1301 B general_aviation 
1300  30.63308840 -088.07086548   0.00 gate jets|turboprops|props Ramp Start 23
1301 B general_aviation 
18  30.61832172 -088.06019853 1 BCN
19  30.62242616 -088.06686471 1 WS
19  30.62718719 -088.06945569 1 WS
1050 135575 ATIS
1051 118800 CTAF
1051 122950 UNICOM
1053 121700 GND
1054 118800 DOWNTOWN TWR
1055 118500 APP/DEP
99
